,Lachnospiraceae_unclassified,Alistipes,Bacteroides,Candidatus_Cibionibacter,Oscillospiraceae_unclassified,Phocaeicola,Clostridium,Roseburia,Akkermansia,GGB9602,Faecalibacterium,Blautia,Ruminococcus,GGB4571,GGB9713,Clostridiaceae_unclassified,Dysosmobacter,GGB9342,GGB1407,GGB6612,GGB15850,GGB9635,GGB4768,GGB9536,GGB9176,GGB9634,GGB3277,GGB9716,GGB47687,GGB4566,GGB6601,GGB4567,Gemmiger,Eubacteriales_unclassified,Lawsonibacter,GGB6546,Coprococcus,Odoribacter,Veillonella,Faecalicatena,Mediterraneibacter,Bifidobacterium,Faecalibacillus,GGB9815,Parabacteroides,GGB9512,GGB33928,Sutterella,Anaerostipes,GGB3746,GGB6002,Dorea,GGB3167,Paraprevotella,Anaerobutyricum,Eubacteriaceae_unclassified,GGB51269,Collinsella,Candidatus_Gastranaerophilales_unclassified,Barnesiella,Ruthenibacterium,GGB4745,GGB74552,GGB3363,Enorma,GGB6518,GGB4605,Pseudoruminococcus,GGB9524,Phascolarctobacterium,GGB3175,Butyricimonas,GGB3653,GGB9724,Waltera,GGB33469,Candidatus_Gallimonas,Anaerotignum,GGB9636,GGB9424,GGB9293,GGB9775,Escherichia,GGB9719,GGB3033,GGB9303,GGB9695,GGB9621,Agathobaculum,Methylobacterium,Candidatus_Pararuminococcus,GGB9453,GGB3619,GGB9501,GGB9770,GGB9240,Candidatus_Metalachnospira,GGB9818,GGB2998,GGB6001,Monoglobus,GGB1689,Solibaculum,Slackia,GGB9309,GGB9619,GGB79973,GGB9109,GGB3475,Holdemania,Coprobacter,GGB9559,Victivallis,Pseudoflavonifractor,GGB79652,GGB45620,GGB71580,Streptococcus,Adlercreutzia,GGB9765,Fusicatenibacter,Candidatus_Avimonas,GGB9092,Intestinimonas,GGB3548,GGB4802,GGB5980,GGB9359,GGB9345,GGB2848,Eubacteriales_Family_XIII_Incertae_Sedis_unclassified,Candidatus_Protoclostridium,Oxalobacter,GGB9642,Lachnoclostridium,Christensenellaceae_unclassified,GGB9640,Anaerosacchariphilus,Enterocloster,GGB9062,Hydrogenoanaerobacterium,GGB79734,Candidatus_Pseudoscilispira,GGB2970,GGB9608,GGB9186,Bacteria_unclassified,GGB9611,Candidatus_Metaruminococcus,Lactobacillus,GGB9646,GGB9545,Massilioclostridium,tyr(PPM)
Lachnospiraceae_unclassified,1.0,0.42603158159688337,0.3844594099576683,0.40511210958961913,0.33139592382516475,0.3436774103640016,0.3745398382401904,0.44907351320869227,0.3217502689739472,0.49232903033401987,0.35120508427953356,0.538923328968401,0.39750925695259604,0.35467819656243404,0.3102796306757619,0.22664722921465474,0.5605386548479799,0.1565341017892834,0.26047200947068055,0.18515812368646445,0.4023738712878632,0.3130710570184299,0.10017922454204409,0.6402105471718675,0.12050448803611533,0.362067039144569,0.3502962096842032,0.6110931797060994,0.2116930940156856,0.46902864448837633,0.20569533114452027,0.21709379332813836,0.2657873462069956,0.4928585623459641,0.4511545901344099,0.3824311444240371,0.3141480398291436,0.3916236303314971,0.3554152650562902,0.46523755385220095,0.3817037303357112,0.2189420792769521,0.5540475422413733,0.6108808872063272,0.20034978297749545,0.5617593606746142,0.3486879813640693,0.2197502292479425,0.4796123510795583,0.49619063063547963,0.38955598744392106,0.560389916717456,0.3290653294584335,0.12006994258818787,0.5348816923025019,0.08672415611243418,0.2286221673647368,0.21576587974034656,0.0674298685375047,0.19669182652774533,0.4197709287256726,0.23064440448110696,0.5531963720248516,0.17306502199586815,0.6209667331007311,0.2619365690403615,0.3087077489383913,0.12187098342114497,0.4849832051589,0.13972530466672237,0.19245287961951824,0.359386979060483,0.16824918041873746,0.574455104641504,0.13962236603342734,0.2669465283783143,0.4588283736661267,0.18682987496983564,0.10292859250150778,0.6223697939704727,0.23251132188506418,0.19715531138747674,0.029036656816987767,0.4927321604366132,0.2929714175735807,0.37533241575721904,0.6071461917503472,0.3560580876916679,0.34559962454539866,0.04963600378856558,0.39874527393277265,0.261972314009413,0.1877676667904796,0.3851335313701458,0.19132706573193914,0.453437582238928,0.42648497907164684,0.18361229992664055,0.19510816151022745,0.3389104922461813,0.508358559002325,0.5356752543812373,0.5936806892151302,0.36253690747476625,0.6140504792848546,0.16519974524383665,0.0873054391470634,0.23720853902116404,0.5232395345044479,0.3303019870727359,0.08575927849212035,0.2972766477104068,0.2009094729657783,0.15387299880160712,0.24619684359151428,0.38259995528826346,0.21185363486988126,0.07312717087404495,0.3630726938651021,0.27407099138199104,0.38059675935627474,0.24981228068705022,0.32627350346262596,0.13226900531879673,0.11767839542043207,0.34239461096538226,0.070616318853006,0.1927283730021113,0.12580792730593,0.10317350138241337,0.32309027660689704,0.23206042642229793,0.30489028176308114,0.23994035396605518,0.27349493390903284,0.22321471355099579,0.3305132736499091,0.44605301555658705,0.07060651191030572,0.08970060521376334,0.2740510343654971,0.3039820522269988,0.22684077629907995,0.3352661825376563,0.28239191495621635,0.2878552242625352,-0.033134426539073586,0.04377324383217187,0.30317137103675873,0.08155229179075524,0.24977502932497425,0.13237923594936346,0.3251654682506216,0.09044203561263746
Alistipes,0.42603158159688337,1.0,0.5134823500731641,0.35572551356637927,0.3380757775549585,0.38412508304182247,0.5137242877884866,0.36139254764260503,0.24148017756073056,0.543533196999315,0.34111176602024146,0.2586194477231251,0.38172012869038036,0.36311792500405987,0.5596181166194655,0.36800928130938276,0.7483760497862699,0.28718112944329816,0.16768468538015843,0.4965544513296798,0.3345467888945193,0.41790418390407974,0.14224957947560388,0.32401105063675517,0.1929484808044669,0.42429594734403825,0.1920750190948959,0.3118992322047383,0.47423893994974603,0.35881919713664456,0.18144513713730592,0.24632390274513674,0.18364872401796592,0.5014259919822793,0.5924421075433703,0.2705647312810808,0.31061750394336424,0.6343009592671005,0.038512452580131244,0.30498974818108765,0.298411193434704,-0.044402789564495025,0.3033530511349294,0.3112214494895392,0.5098914802389176,0.38763042347788135,0.4493859358212545,0.3806061058339818,0.42558772311282955,0.25202247435834374,0.3995334467045821,0.23860297029825828,0.17355337818999567,0.14716343893325204,0.32208126116033975,0.07040519733783593,0.22909680321120163,0.12227272435272979,0.19162232467975063,0.3920130960930023,0.3976322549834625,0.3492656304932135,0.3032038486595457,0.2791785757397579,0.3169635724800903,0.3466853268848622,0.30301255525448206,0.25009346100333524,0.4876855436691988,0.06379045150076523,0.3159743306456434,0.5109731184752224,0.1763407602105925,0.38817375375740804,0.2741646218290341,0.49120784551856467,0.32418881547079975,0.24920192141648195,0.40008933932356966,0.3274383082910098,0.4823624215537249,0.27968960496122375,0.04088201509477581,0.44973149438300086,0.35395035504840794,0.22529710271337006,0.36642331106794795,0.3988338249731373,0.47200894524815623,0.03769959416370744,0.4429712075717071,0.24296653270209947,0.2468486759942076,0.291110964848207,0.15792550834340688,0.3158137308659815,0.22976547682826357,0.3297436362130085,0.4681865300558128,0.36740879827469636,0.30642177459178227,0.33593364967787614,0.32647523729923916,0.18805524932080792,0.30444364324172146,0.44662611757595927,0.15305196826442408,0.3435534886022518,0.41508557169277827,0.4723006634005292,0.23433237512808838,0.2639659326529414,0.41682459253348364,0.306592969536195,0.25265534201567924,0.3245044557000763,0.23976587227988372,-0.07758729211898366,0.24411600321773783,0.25172419901860127,0.38397514583086284,0.40187926046170236,0.32645433234362975,0.6093739148916845,0.10904717217523466,0.27269452222654794,0.24286501097056268,0.2096436714638373,0.11136102972315862,0.2139381640687301,0.11035061313822984,0.16769679220801093,0.2311168808585106,0.24390924925921584,0.35831644821504316,0.4363988753710082,0.27169427414447417,0.36652196490403377,0.3643225842188216,0.20127824204165903,0.45468432669526215,0.15285608670652667,0.35434288452426355,0.41864901413605254,0.42031788507598833,0.27714055382522174,-0.03244068138432358,0.09662931074272746,0.2999581822046876,-0.09845888889300718,0.32395180295597603,0.23880915149160764,0.39873943446598165,0.09667517832517313
Bacteroides,0.3844594099576683,0.5134823500731641,1.0,0.2637661809855772,0.3854307482658654,0.659534805160829,0.5707486938329975,0.5730301408650174,0.05423137520362989,0.20269967879719497,0.3071997308736109,0.32536920668016095,0.43704993579345075,0.15832118302796214,0.2545374511817282,0.2699944359950156,0.562716174595354,0.2604588083069299,0.1363655034452165,0.19940313865417397,0.1866068926863671,0.2737680896049223,0.2220492096049949,0.11010607213892748,0.12319308387503411,0.10971325299068033,0.17903627764736194,0.11111313808290973,0.22276932292801896,0.20328922704105512,0.2168654449368199,0.17463740223308288,0.3665509321361831,0.48674743014137695,0.5161725425717811,0.13172372508297078,0.2693935661727694,0.6652937930028016,0.15411317980906009,0.3655951367168692,0.4440558587894077,-0.07123008718617521,0.3338053239445734,0.10972623287192282,0.5927601940471207,0.2964740178067117,0.38655517236559356,0.3690146856260383,0.41945443879633854,0.4873463809324808,0.16493705272769887,0.3124963246526551,0.21968435702520972,0.3436094871975549,0.33075386908008986,0.07251191454820181,0.22985781025558227,0.01960139806000979,0.24749464147807596,0.5217188524748492,0.16413844875917616,0.17772623207109778,0.1575398942874889,0.15112306725815822,0.1158373689608742,0.18635952532471295,0.1796125540193648,0.24690941547260475,0.2551749952011439,0.18097204308393536,0.2338641853223643,0.35985232720067833,0.19225922932052147,0.20797249447911167,0.33006254754953757,0.21084297883267347,0.20717127138430086,0.34557431669980765,0.20575137355494413,0.1151694794379745,0.2546591469257394,0.19183644702662597,-0.05284763131502962,0.2102567799416547,0.23430735352203166,0.19246789369738587,0.1455193239785032,0.3149799989374967,0.46556431939021614,0.023274933846756402,0.22331090039231172,0.1938862064659076,0.05832232672038602,0.28552155339289204,0.11883529842380022,0.2135859959998806,0.3288183863085653,0.2532988508115638,0.21387348249593954,0.1489768507737415,0.10313701625278512,0.10662480259334282,0.19104831364764646,0.023176504731025838,0.10613660702936564,0.40460659863439086,0.09554597968261719,0.13849135997509313,0.13647462914313496,0.4660826947943475,0.33832935293468425,0.13910703748735748,0.1259629976416406,0.13551406839048058,0.09326776344401078,0.19638292699016785,0.06440242458738166,-0.03677585449692746,0.37058556428059913,0.16013717350766846,0.3623619999480883,0.23381657389300417,0.1435793010518824,0.3059442984388756,0.32051310177514963,0.1253817298086418,0.17258112561306016,0.06861021208007435,0.02335361727204859,0.35313833681397244,0.03038313210800283,0.10075381706517746,0.052899643012897284,0.05925328577813875,0.2263541411613958,0.1448617714690236,0.310221408304826,0.2382354009223827,0.12763345314510618,0.22705673790850364,0.3737487580809213,0.0854794760667669,0.09427090163371395,0.32639953338494787,0.2192741729771082,0.24250611148181064,-0.03936085661077134,0.0503794318067684,0.2336999423507189,-0.10213887034515412,0.2687126592330974,0.168781273010053,0.34776753976359354,0.039935085107941345
Candidatus_Cibionibacter,0.40511210958961913,0.35572551356637927,0.2637661809855772,1.0,0.17321048894289917,0.16859274481504244,0.2608535802831342,0.1353837270682897,0.47861768849546066,0.3577698116449299,0.40409708232796915,0.5155499606183899,0.3038789123134757,0.11775882234114478,0.4053901715510455,0.18447732325157323,0.32693266652218,0.31217227428728467,0.1122204354739608,0.1578479839197964,0.15547086307279182,0.44899908520137555,0.07178725366850988,0.18012962571506347,0.49191722966466167,0.2852100241590585,0.2054142489038561,0.1910656600261433,0.23305000958689914,0.18546322499426351,0.04489205656385292,0.3395533409150362,0.2976372126868688,0.25612241823320614,0.26669485513458563,0.09454805767270005,0.17625643848230643,0.37175394961067715,0.12713816465902342,0.15958429086567444,0.3491556427083517,0.3492556658640502,0.26704582285172446,0.1907475241845213,0.13946757275630256,0.18583005692323204,0.26445487792652805,0.1367625620803851,0.25107254363727666,0.12794695504373846,0.18797351749284183,0.47343152512162656,0.40959962923379517,-0.011368231176734564,0.42064056739197747,0.013253602226111886,0.0704428475922129,0.32717586409543775,0.03395245573695219,0.20245180983113836,0.400109957296994,0.23278516422188,0.1796386382606881,0.03966024787097675,0.2825512366466312,0.44240332030159385,0.06387600565148362,0.05679421513566487,0.4418313054219448,0.10243734813125413,0.1245283413894918,0.3967617511839725,0.10475128153149879,0.15849481221847508,0.1625802140442683,0.42399318858751633,0.3178601792929024,0.0724283585085824,0.21177107307218834,0.23878663885242948,0.4326598801821379,0.24987300666427772,0.19598480505925303,0.31145177113431777,0.4002190641360281,0.11193388769767298,0.28784558202924443,0.17364195733125393,0.3230608933261365,0.016977601520429146,0.31547645403080454,0.3348646709269243,0.24594885896665725,0.1680975808458166,0.3908757096468573,0.12103321666441896,0.18993143498083065,0.1723636723139622,0.3292556989821001,0.1342313596322463,0.21207594468598623,0.1588993413381386,0.3718218750923885,0.3604872640212262,0.18645659525739627,0.09322479874457956,0.159038095126629,0.15348767427000912,0.1875329634543313,0.25597793358438903,0.07115897566336901,0.24440952330493215,0.15669006050110285,0.145205439027114,0.028807677374709705,0.5590705327402572,0.06472933054575562,0.10318422854192918,0.5360474904931569,0.41417910718814754,0.5045969380316779,0.21708739943609007,0.10889640664791574,0.2679433750241262,0.02072721038672212,0.18067776317757056,0.04700002344499204,0.0837602198563477,0.481713720597891,0.1307787019412731,0.4776060280687379,0.028685098962017503,0.15800100270936318,0.08066824423898697,0.2053521693496494,0.13975911544098757,0.3958533476336515,0.14530171741936634,0.24714028314209543,0.20271669155795716,0.17889002782015373,0.4514591795953993,0.05814553958317685,0.1732878823552141,0.5544311160631619,0.10831415274705221,-0.03629057722203127,0.08614536362293197,0.3568130703813737,0.20874646235313163,0.26465293738395307,0.21159981956964993,0.2191978992469303,0.20160426517096308
Oscillospiraceae_unclassified,0.33139592382516475,0.3380757775549585,0.3854307482658654,0.17321048894289917,1.0,0.20400549320013,0.3977335890032436,0.20307433611105308,0.07599797352327695,0.3418093310596301,0.12887961945406987,0.1519027776605405,0.2540717091263908,0.15908397948487674,0.272714736563425,0.15836040438476712,0.30930160591180456,0.17039805591551485,0.11469066744954368,0.05335432008509919,0.26474391464388786,0.2758740897302513,0.28327705210729787,0.24599453909492489,0.09558870481709197,0.2666674649142168,0.04704441668440623,0.20663824186111382,0.12470640316808947,0.17512387237508967,0.15375726190950773,0.2719621737070236,0.0662942704585076,0.3434143446129245,0.28477319947279806,0.1358114790682718,0.40421708075909585,0.4755075922154363,0.012644161118064523,0.24675995083131838,0.18118301633689915,-0.07908951941236264,0.12253484484547324,0.20592830021990446,0.22452385016809734,0.2135778414970541,0.2337826470305497,0.11020851029255155,0.1652341430149747,0.24147073619572873,0.22565888766895884,0.365421058945061,0.13698502771799087,0.07345107651212285,0.16377449372201236,0.03235024004549966,0.16488584607173323,0.030606247037539433,0.23379979870362913,0.15741435356700328,0.17518835286207313,0.2430901278282749,0.18542642596622302,0.10287102262064088,0.20018232345475642,0.2842603097484135,0.2577291368963751,0.25745786648301217,0.31062271891801174,0.04686528412807986,0.13697860056517025,0.3423247591363574,0.20768659910005788,0.27638941357068925,0.31468243909120314,0.31498327869209003,0.1654063313463428,0.06402793692505593,0.26470818806777613,0.2013601315401506,0.3745892898140704,0.1648995373833103,-0.0364720518533745,0.22805628746623627,0.20401375458849227,0.399428547633576,0.22140792444338991,0.1574399951838795,0.21825200858734883,0.031465788373295916,0.28487923743640337,0.1809436115998935,0.3191029796672024,0.10749069043076652,0.11380236069571985,0.19990328477129135,0.17247850142710727,0.24918005784140557,0.36340477671706056,0.14980072620564536,0.177708479333415,0.18528632126206224,0.21508372865682754,0.12517179740219456,0.20589728468198754,0.19627063126036004,0.09937627555303166,0.2182319499096228,0.22744646687818917,0.19591444847282807,0.1142814696333116,0.3703319669026415,0.25199774377858075,0.0945641277892423,0.17118495379259818,0.18399937194505775,0.10549703669142604,-0.06484112588523842,0.13214822129521056,0.20917958094876718,0.18817703235512934,0.18431470464481325,0.1255301241722797,0.17827881904258047,0.10580309131974802,0.2014576319898794,0.041858164340344346,0.037249901673198395,0.09450836931179668,0.22374582460929357,0.056727149060026044,0.01965031840781512,0.12964477344442768,0.277376783496481,0.16448536599029004,0.25640207827508427,0.3143443963666416,0.21309896959843216,0.13911377848301412,0.13172687558806292,0.18062055312894432,0.09526715876798536,0.24484654823729576,0.379009278103204,0.28246983097520095,0.20932658545487384,-0.019125793942187313,0.33586917367785113,0.16994017606491083,-0.07719470868028765,0.3175245994643073,0.13127898752199446,0.16258420639795948,0.0331592320969497
Phocaeicola,0.3436774103640016,0.38412508304182247,0.659534805160829,0.16859274481504244,0.20400549320013,1.0,0.5987464648870346,0.7300429153638821,-0.05430930886546846,0.11820989678703311,0.3956911714475999,0.2789847302444438,0.364606341670697,0.11011808712533437,0.1503186748625387,0.2503480093005753,0.5083604167566849,0.07933158819220959,0.05075645416942922,0.3039016473639886,0.09557622125144026,0.12510898321755715,0.16404054731330928,0.05142474529877056,-0.002283970196315632,0.2085166186660111,0.15273879111415603,0.04051186682629356,0.18320473322415057,0.3185054115410436,0.14169278111256878,0.04879712368185883,0.2261395314602723,0.4775372464514762,0.4762033600020749,0.06663110886288626,0.3948031812480693,0.6212282037342814,0.32549817660566893,0.32884885480107856,0.38818161121636174,-0.07219643055524727,0.42562266891441697,0.03939778369151366,0.6613110504455135,0.23992601453586315,0.2749207321209395,0.4001165187351034,0.4817041986740363,0.3152496831606006,0.06600961345978694,0.32689873333094166,0.04372186529591337,0.1930862763116631,0.33699365891392874,0.09254543855683672,0.31587934527831707,0.023700070424494065,0.279987448601289,0.4887911507624373,0.0894161032960427,0.13204849712055391,0.14630341182526252,0.33198196800023955,0.03305823664154102,0.060677887537410824,0.1643764570784184,0.22324465015703657,0.08265649734144466,0.2074975951769724,0.2774456023675115,0.2799384426254021,0.13546476343763073,0.0985139299705683,0.3106998204463053,0.1614903311703222,0.11907609128064607,0.40650037891551155,0.04400730177541544,0.04877860206477259,0.07841766033523816,0.0930513262372817,-0.07393078462699179,0.11092084040841294,0.07853528843294143,0.03693845355226007,0.055805618978527,0.3568905613469006,0.41851705746763845,0.005389911148245139,0.13785359505955366,0.10110982563323326,0.06395282117651786,0.20671648145003202,0.014144348479738422,0.19393554943079863,0.12313506476333896,0.22774549578842518,0.13845801378005562,0.11675781500039736,0.04536155000358792,0.0660003959679386,0.11120165274876655,0.04547068521476728,0.03768636532306756,0.42713655284667335,0.023740377855554592,0.17195278730569669,0.03799347476837838,0.4215066180390448,0.39628852844196644,0.11801579220317435,0.06491365992699194,0.08347559340181984,0.07125017943507737,0.06216826176504821,0.0450409832614043,-0.09206902323673236,0.2499304128661496,0.06311856243983341,0.3063856854179624,0.13107611296217062,0.07430417984113208,0.21916189767314187,0.2147999599344328,0.031519131923895646,0.2542962830004515,0.049434981261674525,-0.051216502047937595,0.28926714473288573,-0.017073967971356796,0.08987035161485603,0.011754162509259007,0.11044632649954451,0.31539869661986714,0.11604208850671488,0.1549410316073797,0.2609936174756668,-0.013730599511148958,0.1353906859427412,0.3939370726579387,0.12703873921032732,0.09054122120262541,0.3500406683127831,0.11973711269834635,0.09157015009610331,-0.030122772399316596,0.14731358747525075,0.23167737091207777,-0.12377751442805754,0.18053114458225816,0.07415409728265583,0.2533417322126833,0.006985381134008875
Clostridium,0.3745398382401904,0.5137242877884866,0.5707486938329975,0.2608535802831342,0.3977335890032436,0.5987464648870346,1.0,0.6020724381401938,0.06839526241109913,0.33065812232494896,0.42300660243546,0.374488119427148,0.4903802370929123,0.11692052170477638,0.4141984219976027,0.28473781250875,0.6109796038293478,0.314645388150904,0.08751815959322062,0.30920980708735946,0.26591274595823283,0.21257960552208297,0.1271565130596901,0.13329127416442305,0.09966368083074989,0.22128184286586342,0.3512949681202402,0.11827616796203838,0.32524231260107955,0.35259978614529985,0.15466973482199464,0.1672259433476862,0.21571143065464726,0.6674267690522452,0.5442979991338686,0.07851945257990081,0.4156310580948457,0.6484114136196069,0.14060349449365436,0.5188128244688123,0.38250791000547407,-0.09130127105259045,0.4258070431868589,0.11787402163588542,0.5129189110801198,0.2515157631134222,0.31877013891699985,0.3249239700691501,0.4470828825484985,0.46379627852066,0.2524716672557234,0.412896527635008,0.04030471539353345,0.18032375511547047,0.41917116607629856,0.40420318131300764,0.32868888140170466,0.04268645284379163,0.1412646117584124,0.2529975432482897,0.1746945645723395,0.12949207668719842,0.14278253331259286,0.2657643043799498,0.11283624458692156,0.22490993217676525,0.27751016484326946,0.3227721633299022,0.2873526127359277,0.28763953646348356,0.41433454540948805,0.5048307578938669,0.17732772234919092,0.19545091994622613,0.41953575902265877,0.27234427118770577,0.20547379863082804,0.4626296647748323,0.24787313063002336,0.12367435685174863,0.3081078910461046,0.22527870696615498,-0.053343146992034574,0.27137794306187757,0.1711015322275016,0.10084193625443542,0.13148331626201792,0.44238860554477577,0.5734279517441309,0.025707147221662403,0.339622044106313,0.23114710711946307,0.29932800512529967,0.3116978591464957,0.21464215550118687,0.3091784531605705,0.2637418206930565,0.4044440591731452,0.3814022764739172,0.24656908749995055,0.15832704213634002,0.1255386831953734,0.1318345207778781,0.11527351713574333,0.12151970073154866,0.38776829138172086,0.15606061667229726,0.12180551130442506,0.16004377303182657,0.4736833241575907,0.4008254183638149,0.2905154182425892,0.1553426462075055,0.11329060357571824,0.14058556151928167,0.1731016174792341,0.07538122530297378,-0.08566652524491257,0.3151242461748197,0.22444023036102836,0.30783001322922127,0.2044094083240001,0.1155931926345293,0.37651055842734893,0.1017005514099705,0.1786967715461798,0.16191232774679457,0.052588932731455484,0.10853129670259469,0.1935454946459454,0.0721273629987311,0.22145678072898872,0.057019080514947446,0.25059131536302437,0.32806838744714184,0.2825887870655667,0.33296500558066017,0.3743710976957184,0.09928505460345854,0.08719047567996288,0.5507763656801529,0.24045172745289206,0.27007383040711636,0.48780202158745106,0.3299421469015526,0.23381163402790112,-0.03165885800679073,0.26975310025840193,0.19669580850967988,-0.11054053011520999,0.37514860144115136,0.3683374653150761,0.4034940023394935,0.06769258332402142
Roseburia,0.44907351320869227,0.36139254764260503,0.5730301408650174,0.1353837270682897,0.20307433611105308,0.7300429153638821,0.6020724381401938,1.0,-0.03275284236577803,0.19639714529557634,0.4330576944408168,0.30488517897733386,0.4592594550145611,0.12781863652488315,0.16389467232805627,0.2665727109514586,0.4981513647929138,0.10229598136395945,0.0863805671506181,0.12303045091076749,0.17908549340915017,0.13425909878579503,0.09832535944668085,0.11559185070313935,0.0035129825537604568,0.13498740432234405,0.1798743303509625,0.11024248542277741,0.1445125554770421,0.18412983114063938,0.1753678049494747,0.10461414478531783,0.1842184973890144,0.565056749348153,0.40477990630036104,0.12511027144908773,0.4647094177529944,0.5285115839423187,0.4817765374199407,0.44195434161721003,0.4795944512195998,-0.043748421643546975,0.49502015844425534,0.11025980022768975,0.48551385233448263,0.23671198388568482,0.20594074315984084,0.4257235775209573,0.5189590113798765,0.44189680015526894,0.10543006530915756,0.4191133194225436,0.08260648839384409,0.16540561699085085,0.3904808541879697,0.06140999534080661,0.30496150709235376,0.050736395764522324,0.2365129004640209,0.3149065140807965,0.08814773211863536,0.06906928770648772,0.1380186371849068,0.1637132154500228,0.10686298563624523,0.12886547048337785,0.17792028999583037,0.20339130335174302,0.16906993544769014,0.24100966596328074,0.27790078989775974,0.3101280775258225,0.21462365921125798,0.14725137890018783,0.365517131134769,0.14681500881821066,0.1704741581332771,0.29445536033279046,0.12256911589746719,0.10097944513338865,0.06726676624930153,0.11824364057963138,-0.030528907943983396,0.15023213902181365,0.09941045882534885,0.05345325027476357,0.1201661312779312,0.3721692207588632,0.4034799794213398,0.02012593664141235,0.20641309551705955,0.09455957264791147,0.11198380649243435,0.1305955731987481,0.043801135487760684,0.24521366563014144,0.24775022863263935,0.17050251551604498,0.15947650397354535,0.20326290808186132,0.11124761337888053,0.1344478409806126,0.16668519805779294,0.12870525443880387,0.11978874696913144,0.2608925830899634,0.09341175533275994,0.07098749147112031,0.11469141946554072,0.32178857649971987,0.26042045514580936,0.18267351580939098,0.1219890525948911,0.07940674041164127,0.08031479508876964,0.08215429251997801,0.1116738405913001,-0.06828934999664867,0.2601362313184237,0.0934804055894522,0.25493879549103615,0.12692315133523388,0.07672843245800508,0.15624827837570845,0.19887578329537134,0.04864150507479764,0.2759097582856447,0.09606694176522201,0.00021406013270994166,0.21939736886390104,-0.0037078833377770424,0.16245873623429904,0.036519196708472465,0.16218659623960602,0.12310312177722872,0.15836623080165654,0.2467404662288293,0.41145879519270834,0.07342896365041611,0.04615889997807557,0.4177944728900152,0.19307077083257526,0.11218105977890874,0.40291885532116295,0.10814272817447575,0.0996408337398373,-0.028176412040489887,0.1059047506453328,0.08184452898645445,-0.09118023069742771,0.16199907585624607,0.08482075680074748,0.2382993947217774,0.050838255414036415
Akkermansia,0.3217502689739472,0.24148017756073056,0.05423137520362989,0.47861768849546066,0.07599797352327695,-0.05430930886546846,0.06839526241109913,-0.03275284236577803,1.0,0.30433600224767776,0.32919193804690494,0.24888804194119987,0.0766067635068035,0.18043356378005998,0.33830213100159295,0.13281889734609098,0.18271304811099165,0.12279851540239563,0.11023641674543766,0.020893839860557106,0.09637007739086376,0.37967653944344665,0.03409195835266871,0.24927583895254884,0.17131528878347704,0.21389938161559097,0.2001726088454644,0.27044111373379975,0.060148232637784786,0.1310300865827563,0.00451464718969974,0.15336778401530682,0.27458329037813234,0.13110093507014403,0.13644616804040205,0.1732978547459719,0.01439749827089011,0.1426465106226534,0.12470585600525279,0.08796452027735788,0.13943140072252314,0.37430399430979505,0.21359332966591635,0.26998546391326356,-0.04645232027296459,0.1956835344482332,0.32289542557986883,0.02924905960532746,0.2682509733530541,-0.013259928658977672,0.1727826221376173,0.2767973532986136,0.12963798006647492,-0.06244995616239944,0.31765722488309894,0.12429048417385802,0.001966373855392922,0.2643930518246651,-0.03189923066783418,0.08738361441030748,0.399436057000789,0.16559498405145667,0.23288603556797705,-0.009864583506181591,0.30012299030591144,0.2279153988107013,0.05366133893367752,0.034595290937619524,0.26085665625124516,0.26522758473765823,-0.027371459372880873,0.19639515746834707,0.07196032005395422,0.2010485093699879,0.03200491386145537,0.34217949300033046,0.2120823523748211,-0.03495291826793935,0.27064155000018886,0.3338992312361462,0.31152636215651164,0.07276568234793745,0.33806963411648844,0.2749494246729727,0.26236061813915496,0.1451516783918664,0.24788416903655003,0.0754914778299382,0.13439658571136942,-0.023300280449870026,0.14473165914565217,0.08589739478776176,0.13325452570012308,0.17599515311652839,0.3402359653866093,0.1309350947438919,0.10645705291309515,0.07219255581562711,0.2632988169487557,0.12233344660084561,0.3612401722608647,0.22813749876689757,0.24091437784015624,0.34878993786292095,0.26389608999441355,-0.0061348215996649075,0.18739848441911816,0.13479959697736033,0.4247585550575163,0.14943350262038835,-0.005642739944515464,0.0765679274354658,0.2283527129679657,-0.01512955113462693,0.01604570971839027,0.16415720220369642,0.09798441471433059,0.1780318382514569,0.3043448481736251,0.26764652072951245,0.2974917705231013,0.16335151377843077,0.2258761730133724,0.07237482585962884,0.017391232822375223,0.15689330261398937,-0.03219244265264638,0.14696762836513266,0.40644254444287564,0.08495133284030308,0.5151130435538483,0.007129705731688171,0.1908005965837826,0.007380180227953949,0.07523187955268529,0.1279413848163492,0.14100538710997962,0.11338230426437566,0.28140956970976033,0.23897342769754534,-0.03256584303314989,0.3987822143196598,0.019318052938661588,0.016245663619563668,0.26282329591434356,0.07448886462746236,-0.03587642908513004,-0.03171156116204036,0.135044457325777,0.264166200838286,0.24253290188643759,0.2104789966009867,0.11682189926328407,0.28933751465431196
GGB9602,0.49232903033401987,0.543533196999315,0.20269967879719497,0.3577698116449299,0.3418093310596301,0.11820989678703311,0.33065812232494896,0.19639714529557634,0.30433600224767776,1.0,0.27995948034622437,0.1894381442146957,0.3436568215469367,0.24280445856355223,0.585293752362163,0.3582960448461352,0.46723166759727935,0.23888699172434957,0.2604037180056919,0.0466441053693608,0.5346607131028013,0.5049707704930795,0.12094934692319785,0.5890986726984383,0.4196267404866447,0.45987383326279485,0.24209788120514136,0.4559377648181564,0.22464392966201432,0.35937303229364365,0.10374729926872524,0.3797048288344302,0.060249630385949174,0.3981357028871031,0.39907370745829956,0.2655564813967781,0.2172697819081381,0.34351197515208254,0.050720656333712914,0.48283722516070665,0.2589438350670115,-0.0385001425573989,0.2531307571283383,0.4566306359534971,0.11645259348195901,0.3706567551858504,0.34957399387210775,0.17253775074656721,0.33092911428852495,0.15635685514328423,0.36025677474403434,0.2331526905837473,0.218841309769615,0.06819503895103046,0.307519587098759,0.07973929109572671,0.1566174728845448,0.14826531998339995,-0.009347606663232106,0.18178158289192592,0.5368915024881686,0.29254961043919353,0.41005010213644677,0.1903935403521466,0.4390709236944851,0.47895498570688866,0.27154100542661364,0.17833418512315996,0.46587089759214884,0.0357820433824554,0.2580089926599097,0.40578408881508005,0.1830736488564221,0.5763424920999014,0.22498088537706568,0.5976446163562315,0.31599083577279224,0.0941898077594186,0.3423832157905196,0.4920892951686666,0.4627470864795269,0.22575274477018495,0.10096068940470665,0.4344320353067421,0.31212225684518785,0.2663688483946342,0.4534657227922073,0.22299718476210198,0.40140908289675004,0.06307891353961764,0.6381984523365029,0.18909597729424354,0.4200252748477794,0.23369006922975827,0.1723818104375517,0.2738270981589704,0.22987483981970855,0.25728059133589093,0.481038238480317,0.504186156908686,0.3473282556451225,0.41291622313040144,0.45783571277441903,0.3065430748958133,0.46092464235621383,0.2458335394481045,0.08468536286299139,0.1786392843821877,0.4876997012709636,0.3144838394842917,0.10569115127421996,0.39873178433924666,0.4292294253633928,0.37809781811072013,0.41843590295515887,0.4647998767426245,0.22635984196025954,-0.0479017222018707,0.1481898128611525,0.4664503248928701,0.26016832890165137,0.34634997047913113,0.317077337569836,0.3008104913093056,0.10512164029605939,0.2526839440153518,-0.017309608351834267,0.2675436346813807,0.32511827965311113,0.14160138615595314,0.21277474295630822,0.08297759870382274,0.30390601182611987,0.4364315836078601,0.2045291711627552,0.4444274367614875,0.20624386213907625,0.3832640600556263,0.37146528690874725,0.10059480450512949,0.40700059131916744,0.18033062920932674,0.5252342248078699,0.33005574572997304,0.5282220178760384,0.32702100625283503,-0.022133528401286205,0.06952070175708125,0.3395886595570137,-0.009699664534517432,0.3841055159372487,0.17486842953765178,0.25342757925588844,0.1188680281352056
Faecalibacterium,0.35120508427953356,0.34111176602024146,0.3071997308736109,0.40409708232796915,0.12887961945406987,0.3956911714475999,0.42300660243546,0.4330576944408168,0.32919193804690494,0.27995948034622437,1.0,0.4157331792696681,0.4293832418329961,0.0510919655172665,0.2232306624069344,0.39680615494808424,0.3742167866052365,0.21995570258756555,0.04266959155129027,0.11447370296708886,0.20194945669399547,0.24236388431217473,0.08501064882400552,0.04524284494117239,0.03515294569249222,0.2843910877063655,0.19494290037294978,0.013776422918445795,0.291628195331557,0.14303155959791178,0.051006372436508456,0.06341913763078152,0.40792018431253474,0.43876526602621185,0.35581559905315047,0.021481190674917997,0.32647760014259414,0.3330044459223427,0.3159665192701271,0.33201136111447194,0.40754250492555466,0.2641592801049387,0.47094799563935685,0.013926317108612836,0.34234180556317434,0.16848261220682656,0.16621593734069942,0.36038689103459287,0.5591336002808894,0.2892702328463821,0.08541757013666636,0.4861008404300686,0.022875125139780964,0.09279689211005054,0.5640991891797082,0.05481386641378528,0.24085307928290986,0.27549581505326887,0.11921574393691944,0.19671715974763274,0.42152583204850735,0.040145788145705616,0.06374413371975687,0.15536482025326254,0.051856483172186746,0.10082332007208133,0.11715910185925496,0.10672240279893615,0.12033300857162979,0.37484621531876666,0.22093963243185646,0.4126649878026907,0.10325245341379875,0.09085248988815542,0.19126387599884676,0.25523353286379674,0.08641467623000157,0.19537878272847764,0.13181666116358004,0.030554160655119223,0.0838640864884713,0.16006365327088198,0.21756699972927607,0.17008974645303584,0.09326200992908298,0.01209305780461667,0.03273622102421013,0.32787780802984984,0.5638093649262004,-0.013304464091775485,0.19433792271421765,0.140531292821181,0.18721547514144016,0.12676324526101995,0.4492512307520746,0.07861135423362901,0.10117430237887752,0.20849198158941562,0.1886416180021598,0.20186305224344414,0.11309285570558897,0.0209450316184578,0.06743110090362263,0.3297729226606237,0.013943407849193378,0.201896665712639,0.14845268165779393,0.04469887599150213,0.06457890934685356,0.32253106513006896,0.17764617867873747,0.17974124813357314,0.18786749823458573,0.18659375111705748,0.0938094933509553,0.16238137201616343,0.03669338700784522,0.21318524743725648,0.35074370718375014,0.288742334596611,0.49670596019225327,0.19411180373055606,0.019844594414652028,0.11650787418372288,0.007686597249598628,0.03265480802565901,0.10750176426502102,0.344428122681538,0.1798034731451837,0.057962206448879394,0.31685977377205377,0.1456728790841669,0.06961487349172533,0.2918104686391428,0.2315953298965321,0.2424003857339114,0.1989220291646705,0.24110690474667398,0.1315998915742138,0.02413817897784052,0.4023245570351289,0.5599836187546421,0.18057397621738946,0.17214667141193707,0.25271951711287827,0.0942205511771707,-0.046195025693097275,0.07634278377192442,0.11764069216195389,0.16886566859113222,0.1356685669234485,0.16787304704476547,0.20035183199643727,0.28541333722854123
Blautia,0.538923328968401,0.2586194477231251,0.32536920668016095,0.5155499606183899,0.1519027776605405,0.2789847302444438,0.374488119427148,0.30488517897733386,0.24888804194119987,0.1894381442146957,0.4157331792696681,1.0,0.42786158702233684,0.09172110740267612,0.19135235206899015,0.34582061432556305,0.3621753330977537,0.09383928122380215,0.08231183715540344,0.16327465128023244,0.07371320463376295,0.20205913875525167,0.07081899575226093,0.1372264977950973,0.05950053473363456,0.19840697320271877,0.3580907733268117,0.12895304682349562,0.20339145108267292,0.25539963147077394,0.15326467649121525,0.10323568838130966,0.4040749222818299,0.5077242387805198,0.28278897784687385,0.08285237513686061,0.2146408259585941,0.30341087741854594,0.19154472028031788,0.26044311733092895,0.6206655039504128,0.4480391505552754,0.6756642083482902,0.1294672844089261,0.27285763612680036,0.20956102898811757,0.16047514007647926,0.1613799743798551,0.5604436017818233,0.19828258701949175,0.14096127859890786,0.7383157006582907,0.22551099215997125,0.08379428693283456,0.7375985311955536,0.03877549974830866,0.1167498974233242,0.4491625439374587,0.09963320254849223,0.1804302446577748,0.37307221230712234,0.08249393502508767,0.127952936985624,0.21550092973009644,0.1983916415671978,0.12481637307818268,0.18405817015450834,0.07487141302049649,0.2535475452695175,0.4225753307514869,0.23706559151466006,0.35477549426086985,0.1435351203993791,0.1300562550121758,0.08214078633270896,0.1028680372510983,0.2071417525953188,0.3691712383055254,0.05263036155395436,0.19672376097125777,0.09837725487509456,0.11350846011366021,0.13637121747206504,0.2144631690161485,0.16348359579851018,0.09413496410972694,0.17278820397900624,0.11840912453809996,0.4070254421625114,-0.0012006361578118662,0.15672881029777316,0.15585571292478748,0.22040402910682036,0.15903893840879632,0.2248591837152958,0.12106574459667799,0.20922535045671756,0.10585639912782224,0.08828117738453417,0.1595321161062075,0.13836137742173663,0.10633050898034464,0.21521068791935247,0.4301031540072626,0.12865651186025825,0.2327239023925269,0.09327166574703138,0.09692672930799746,0.10149426852367703,0.3583165156105425,0.3649290797328036,0.18393525560412635,0.11484506121977407,0.1899456789461069,0.06342493895239465,0.2794420779365514,0.0552030247932172,0.15199126026340318,0.44176608161234093,0.17939631064854866,0.6248948868520598,0.22003479471830978,0.06167215425117762,0.12526804873524225,0.09528547160475505,0.08608044098335925,0.14747456819380678,0.20685605880865537,0.20045080651220595,0.09711210850126463,0.5881624728312145,0.050805531008321324,0.0981435451973344,0.2712374719464723,0.3062359710285566,0.17813331427423962,0.23578772073036883,0.1734291442641064,0.06548279323036206,0.062428335291536824,0.3001345766219919,0.5648351626171629,0.10343328697599309,0.11457406132702307,0.20665487753282819,0.0772854572824587,-0.037984623566770716,0.04819948301705746,0.19258593670895027,0.23394369859229247,0.10849623171446311,0.04273155964134518,0.2232786194134473,0.12240156932084109
